# local/statbench + local/statperf.sh -- error bars and counters for one lookup of each structure
# lexindex 3.0.0 at a3f7503, 2026-09-19, arz (Ryzen 7 5800HS, Zen 3), rustc 1.98.1;
# tree differing from the commit in documentation only.
# 30 independent passes a structure at 100k/200k/400k probes, lanes round-robin, median with
# p5/p95 and a bootstrap CI; then perf stat -r 3 over 100 passes minus a build-only control.

=== statbench, 2026-09-19T17:55:23+03:00, load 0.05 0.42 0.77
# probes 100000, load 0.05 0.42 0.77
words-full: 479823 keys, 100000 probes a pass (half members), 30 samples a structure

structure                  B/key     min   median      p5     p95  95% CI of median   spread
ClosedHashIndex             0.24     9.9      9.9     9.9    10.2       9.9 – 10.0      2.9%
CompactHashIndex fp=1       1.24    14.4     15.3    14.5    16.8      15.2 – 15.6     15.2%
DictIndex 256               2.65   312.8    315.5   312.8   326.2     314.2 – 317.0     4.3%
DictIndex 512               2.53   346.1    349.6   347.1   369.1     348.8 – 351.2     6.3%
StringIndex                 5.95   226.4    230.1   226.5   234.1     229.6 – 231.3     3.3%
PerfectHashIndex           10.88    38.3     41.5    40.1    47.5      41.0 – 42.3     17.9%

every sample, in the order drawn, ns a lookup:
closed                  9.9 10.1 10.1 10.0 9.9 10.0 9.9 9.9 10.0 10.2 9.9 10.0 9.9 10.0 9.9 9.9 10.1 9.9 10.1 10.0 9.9 10.0 10.0 10.2 9.9 9.9 9.9 9.9 10.0 9.9
compact1                18.3 15.9 14.8 14.9 14.6 14.6 14.5 14.7 15.1 15.7 16.0 14.4 14.7 15.4 15.4 15.3 16.1 15.3 15.9 15.3 15.4 16.4 16.8 16.3 15.2 15.3 15.4 15.1 16.0 15.2
dict256                 396.1 313.3 318.7 313.1 312.9 314.3 313.0 323.8 312.8 313.1 313.2 316.9 320.5 315.3 316.2 326.2 318.7 315.2 318.7 316.1 314.1 312.8 317.3 315.6 315.6 314.2 314.2 317.3 317.0 314.9
dict512                 369.1 351.9 349.1 350.2 349.9 348.3 347.1 348.7 347.8 346.1 352.1 349.2 353.5 348.9 348.4 369.8 347.1 365.1 348.9 350.3 348.9 358.9 352.8 350.6 348.8 351.4 348.5 359.5 350.9 347.2
string                  228.1 226.5 231.0 228.9 232.5 231.5 232.7 232.8 226.4 229.3 228.5 231.4 229.9 232.0 230.5 234.1 229.4 234.1 229.3 229.2 230.1 230.0 231.7 229.7 230.1 231.3 228.8 253.6 230.4 230.1
perfect                 45.1 40.7 41.9 40.4 40.3 40.4 41.9 46.4 40.9 38.3 40.1 40.5 42.1 41.5 41.1 47.6 40.8 46.4 42.2 43.0 40.3 43.8 42.5 43.7 41.5 41.1 41.5 47.5 43.0 41.5
# probes 200000, load 0.13 0.43 0.77
words-full: 479823 keys, 200000 probes a pass (half members), 30 samples a structure

structure                  B/key     min   median      p5     p95  95% CI of median   spread
ClosedHashIndex             0.24    10.9     11.3    10.9    13.6      11.1 – 11.3     24.3%
CompactHashIndex fp=1       1.24    14.1     14.2    14.1    15.2      14.2 – 14.5      7.3%
DictIndex 256               2.65   311.9    314.8   312.6   324.3     313.8 – 316.4     3.7%
DictIndex 512               2.53   346.4    349.8   347.2   361.6     349.0 – 350.8     4.1%
StringIndex                 5.95   230.7    233.7   231.0   238.4     232.5 – 233.9     3.1%
PerfectHashIndex           10.88    42.2     43.6    42.3    45.2      42.9 – 44.0      6.7%

every sample, in the order drawn, ns a lookup:
closed                  11.5 11.4 10.9 13.6 11.3 12.0 11.1 11.0 11.1 11.3 17.5 11.1 11.3 12.5 12.3 11.0 10.9 11.0 11.2 12.7 10.9 11.1 12.1 11.0 11.1 11.0 11.3 12.9 10.9 11.3
compact1                14.1 14.6 14.3 14.6 14.2 15.1 15.1 14.1 14.1 14.1 15.3 15.0 14.2 14.2 14.3 14.1 14.1 14.2 14.2 15.0 14.9 14.2 14.4 15.0 14.2 14.2 14.2 14.4 15.2 14.2
dict256                 314.6 313.7 316.4 316.4 313.5 316.2 312.6 314.1 314.3 313.0 316.5 311.9 317.4 313.8 316.3 324.3 317.3 319.3 313.8 315.1 318.4 317.2 338.0 313.8 318.5 313.9 313.7 313.0 316.2 313.3
dict512                 350.5 347.8 351.2 348.3 346.4 349.1 350.6 351.1 350.6 349.0 349.5 349.1 350.9 349.7 347.7 351.2 347.4 361.6 348.8 347.2 356.5 348.7 376.3 349.9 348.9 360.4 349.3 351.6 349.9 351.4
string                  230.7 231.8 231.7 234.1 249.2 233.8 234.7 234.5 233.9 233.8 232.9 231.7 232.4 232.9 231.7 231.4 232.8 233.7 232.7 233.7 234.6 233.8 235.4 233.9 238.4 232.4 231.8 234.5 234.6 231.0
perfect                 42.4 42.5 43.6 43.5 46.0 42.3 42.7 43.9 44.3 44.6 44.3 45.2 44.2 43.2 42.2 42.7 43.9 44.2 43.1 42.3 42.5 43.8 42.8 42.8 45.1 44.4 43.0 43.5 44.1 44.0
# probes 400000, load 0.20 0.44 0.77
words-full: 479823 keys, 400000 probes a pass (half members), 30 samples a structure

structure                  B/key     min   median      p5     p95  95% CI of median   spread
ClosedHashIndex             0.24    26.8     27.3    26.8    28.8      27.2 – 27.4      7.2%
CompactHashIndex fp=1       1.24    26.6     27.5    26.6    28.9      27.3 – 27.7      8.3%
DictIndex 256               2.65   339.6    344.2   340.2   354.5     342.8 – 345.8     4.2%
DictIndex 512               2.53   379.9    383.7   380.8   398.3     382.8 – 385.4     4.5%
StringIndex                 5.95   262.5    271.3   263.2   279.9     269.6 – 272.4     6.2%
PerfectHashIndex           10.88    58.3     59.2    58.3    60.4      59.0 – 59.4      3.4%

every sample, in the order drawn, ns a lookup:
closed                  28.8 27.1 27.4 27.2 27.7 27.0 27.5 27.1 29.8 27.4 28.0 27.3 27.4 27.6 27.8 27.0 27.2 27.3 26.8 27.2 27.4 27.1 27.3 27.2 26.8 27.6 27.2 27.1 28.4 27.0
compact1                26.6 27.6 27.8 27.2 27.7 26.6 27.5 27.5 30.0 26.6 27.3 28.5 27.2 27.7 28.3 27.2 26.9 27.3 27.5 28.0 27.3 27.8 27.6 27.3 28.4 27.6 27.5 26.9 28.9 27.1
dict256                 340.2 347.0 350.0 350.2 341.7 354.1 342.6 341.7 344.8 343.4 345.0 353.8 344.0 342.2 346.6 341.7 339.6 343.0 342.6 348.2 354.5 345.8 343.6 345.8 344.2 341.3 344.2 344.2 342.5 356.7
dict512                 380.8 382.6 389.5 383.6 389.9 402.0 383.7 381.1 383.2 384.9 382.2 382.7 382.4 391.7 385.1 383.9 388.4 384.6 379.9 383.5 381.9 387.3 398.3 383.5 387.2 385.7 382.0 390.2 382.9 382.5
string                  270.7 272.2 276.6 271.6 272.1 274.6 279.9 274.6 277.9 271.1 272.4 269.3 272.4 272.5 264.7 270.6 269.6 278.6 276.4 270.4 269.6 264.2 263.2 265.1 269.3 267.8 271.4 285.0 266.3 262.5
perfect                 59.5 58.9 58.9 59.2 58.8 59.0 59.0 60.7 60.3 59.2 59.2 58.3 59.3 58.3 59.5 58.9 59.1 60.4 60.4 58.9 59.0 59.9 58.4 59.0 59.4 59.8 59.8 59.2 59.5 59.1

### perf counters, per lookup, work run minus build-only control
# structure | instr | cycles@100k | cycles@400k | branch-misses | L1-dcache-load-misses | cache-misses (min-max over the three probe counts)
| `ClosedHashIndex` | 109 | 40.4 | 77.5 | 0.07 | 2.35 | 1.15–1.25 |   IPC 1.4-2.7
| `CompactHashIndex` fp=1 | 121 | 58.6 | 102.0 | 0.06 | 3.42 | 2.04–2.23 |   IPC 1.2-2.1
| `PerfectHashIndex` | 181 | 120.4 | 227.9 | 0.70 | 5.27 | 3.86–4.12 |   IPC 0.8-1.5
| `StringIndex` | 2225 | 954.1 | 1136.5 | 13.28 | 14.79 | 7.37–7.89 |   IPC 2.0-2.3
| `DictIndex` 256 | 2952 | 1362.5 | 1472.2 | 18.04 | 21.32 | 4.40–4.72 |   IPC 2.0-2.2
| `DictIndex` 512 | 3475 | 1497.6 | 1639.3 | 20.90 | 20.17 | 4.10–4.33 |   IPC 2.1-2.3
