lexindex 2.1.0+ at 386b2e6, clean tree, 2026-09-12 — local/statbench + local/statperf.sh: 30 independent passes a structure, and perf counters over 100 passes minus a build-only control
Linux 7.2.4-200.fc44.x86_64 x86_64, 8 cores / 16 hardware threads, AMD Ryzen 7 5800HS (Zen 3), 38 GB, rustc 1.98.1

== 30 independent passes a structure, lanes round-robin, ns a lookup ==
# probes 100000, load 0.59 0.88 0.86
words-full: 479823 keys, 100000 probes a pass (half members), 30 samples a structure

structure                  B/key     min   median      p5     p95  95% CI of median   spread
ClosedHashIndex             0.26    13.2     13.3    13.2    14.4      13.3 – 13.5      8.6%
CompactHashIndex fp=1       1.26    27.4     28.3    27.6    29.7      28.2 – 28.9      7.6%
DictIndex 256               2.85   263.2    265.5   263.4   278.0     264.8 – 266.7     5.5%
DictIndex 512               2.82   281.3    284.1   281.9   307.8     283.1 – 285.2     9.1%
StringIndex                 5.95   227.7    230.9   228.3   261.1     230.6 – 232.5    14.2%
PerfectHashIndex           10.90    82.8     88.0    85.6    99.5      87.1 – 89.0     15.8%

every sample, in the order drawn, ns a lookup:
closed                  13.2 13.3 14.4 13.4 13.3 13.5 13.4 13.5 13.5 13.3 15.3 13.4 13.3 13.4 13.5 13.3 13.5 13.3 13.3 13.3 13.2 13.3 13.3 13.2 14.3 13.5 14.2 13.3 14.1 13.3
compact1                27.6 27.4 28.3 28.3 28.2 29.2 28.3 28.2 29.3 28.0 28.6 28.2 28.2 29.5 29.7 28.3 29.2 28.3 28.2 28.1 28.0 29.6 28.0 28.2 30.2 29.3 29.3 29.6 28.5 28.3
dict256                 263.5 263.5 265.6 265.8 278.0 266.7 264.8 264.4 268.9 266.7 267.1 264.9 264.7 274.9 265.7 281.9 265.3 265.4 270.6 264.6 263.2 265.0 264.3 263.4 267.2 267.8 266.5 264.1 265.3 268.0
dict512                 282.0 282.2 285.5 284.7 287.1 283.5 284.3 291.3 288.3 285.0 283.3 282.0 283.7 285.0 283.1 285.1 282.7 283.0 361.0 285.3 286.2 283.9 281.9 282.0 300.0 281.3 286.1 282.8 283.1 307.8
string                  228.6 227.7 230.2 230.5 236.8 231.7 228.9 261.1 231.5 231.0 232.3 230.9 229.9 230.8 230.6 237.2 232.7 230.5 261.9 228.3 233.7 230.0 230.6 235.8 236.1 235.9 230.6 230.7 231.2 255.0
perfect                 82.8 85.6 87.0 86.3 97.3 87.7 85.9 99.3 87.3 88.7 87.6 85.6 86.7 88.6 86.3 97.3 88.3 87.2 91.7 89.2 88.9 86.0 86.8 93.3 98.8 103.3 88.4 89.0 87.6 99.5
# probes 200000, load 0.62 0.88 0.86
words-full: 479823 keys, 200000 probes a pass (half members), 30 samples a structure

structure                  B/key     min   median      p5     p95  95% CI of median   spread
ClosedHashIndex             0.26    14.8     15.2    14.8    17.2      15.1 – 15.6     15.7%
CompactHashIndex fp=1       1.26    27.0     27.2    27.0    28.9      27.1 – 27.3      6.8%
DictIndex 256               2.85   263.8    265.6   264.1   276.7     265.4 – 265.9     4.7%
DictIndex 512               2.82   283.9    286.0   284.1   296.0     285.7 – 286.6     4.2%
StringIndex                 5.95   232.4    234.0   232.5   249.4     233.5 – 235.5     7.2%
PerfectHashIndex           10.90    88.4     90.4    88.6   102.0      89.8 – 92.0     14.8%

every sample, in the order drawn, ns a lookup:
closed                  15.2 16.4 15.2 15.7 14.8 15.0 14.9 15.5 14.9 16.7 15.6 15.0 14.9 15.2 14.8 15.1 15.2 22.0 16.6 14.8 15.2 15.9 15.1 15.3 15.0 15.6 15.1 15.1 17.2 16.7
compact1                27.6 27.8 28.2 27.2 27.2 27.2 27.1 27.2 27.2 29.1 27.0 27.1 27.0 27.1 27.4 27.5 27.7 28.9 27.1 27.3 27.0 27.1 27.1 27.8 27.2 27.1 27.0 27.8 27.2 27.1
dict256                 264.3 263.8 264.3 265.6 265.9 265.7 275.2 266.1 265.9 267.4 266.2 265.8 265.4 264.5 264.7 264.8 265.6 286.9 267.9 265.5 265.3 267.0 266.0 265.4 265.4 265.7 276.7 264.1 265.4 264.9
dict512                 284.1 284.4 285.5 283.9 294.0 286.3 291.2 286.7 285.4 285.8 285.7 288.5 286.5 284.5 286.1 296.0 284.8 284.3 285.8 285.8 286.3 287.3 297.8 291.2 286.6 285.9 285.2 295.2 285.6 286.9
string                  243.4 236.4 233.8 234.5 235.3 232.8 232.4 233.0 233.2 233.5 234.0 255.0 236.2 232.5 233.2 233.9 234.4 232.9 233.5 249.4 247.1 232.6 234.4 235.8 236.1 233.8 233.5 247.9 235.7 234.0
perfect                 95.3 90.5 90.4 88.4 89.4 90.4 89.6 89.0 92.0 101.3 89.4 91.5 91.5 89.7 90.1 88.9 122.4 90.1 91.3 92.0 89.0 89.9 89.1 88.6 94.4 94.7 93.6 102.0 94.0 96.1
# probes 400000, load 0.65 0.88 0.86
words-full: 479823 keys, 400000 probes a pass (half members), 30 samples a structure

structure                  B/key     min   median      p5     p95  95% CI of median   spread
ClosedHashIndex             0.26    24.8     25.5    24.9    27.5      25.4 – 25.9     10.1%
CompactHashIndex fp=1       1.26    35.2     36.1    35.2    40.6      35.7 – 36.5     14.9%
DictIndex 256               2.85   281.2    285.4   281.6   301.7     283.5 – 287.0     7.0%
DictIndex 512               2.82   300.1    305.1   300.1   319.2     303.1 – 308.2     6.3%
StringIndex                 5.95   254.9    260.7   255.2   285.8     258.3 – 262.4    11.8%
PerfectHashIndex           10.90   110.9    114.3   111.6   124.2     113.0 – 115.0    11.0%

every sample, in the order drawn, ns a lookup:
closed                  25.4 25.6 25.1 28.6 25.3 27.1 27.5 27.4 27.4 26.1 25.1 27.3 25.7 26.1 25.3 25.4 25.3 26.6 24.9 24.8 25.5 25.6 25.8 25.1 25.5 25.5 25.4 24.9 27.0 25.3
compact1                36.2 35.6 35.6 36.5 35.9 40.6 38.7 39.3 38.5 35.9 35.4 39.8 36.2 35.7 36.2 45.4 36.2 38.2 35.2 35.4 36.6 35.7 35.4 36.5 35.5 35.5 36.5 35.2 35.9 35.9
dict256                 282.7 283.6 284.3 292.1 288.2 285.6 300.7 285.3 286.8 286.4 308.8 282.0 287.2 283.0 281.6 281.2 283.8 284.9 296.9 285.6 283.0 286.5 289.2 301.7 282.4 283.0 283.4 297.7 283.3 289.1
dict512                 306.5 320.3 305.1 303.3 303.0 313.4 304.1 307.1 310.1 302.5 309.9 303.4 305.3 319.2 300.1 300.8 302.0 312.4 305.2 302.4 300.4 306.2 309.3 301.9 300.7 318.3 300.1 314.1 304.3 310.4
string                  262.5 260.8 257.6 288.9 257.9 261.0 261.6 268.7 263.3 256.1 255.6 266.6 264.6 257.5 258.7 285.8 254.9 257.1 259.9 259.7 273.9 260.6 256.3 257.9 267.2 260.5 262.4 266.9 255.2 260.9
perfect                 113.2 115.8 115.5 115.0 118.8 114.2 115.3 118.0 114.2 112.4 124.2 113.7 112.1 114.8 114.8 118.4 114.9 112.4 111.6 119.5 111.8 114.2 112.5 112.3 114.3 114.9 112.8 133.0 110.9 112.4

== perf stat, 100 passes minus the build-only control, counters a lookup ==

100,000 probes a pass, 100 passes, counters a lookup
structure                   cycles     instr       IPC   br miss   L1 miss  LLC miss    pg flt
ClosedHashIndex               55.6     107.8      1.94      0.90      2.46      1.15    0.0000
CompactHashIndex fp=1        109.1     211.8      1.94      0.90      3.68      2.17   -0.0000
DictIndex 256               1118.1    2708.4      2.42     17.61     12.04      4.16   -0.0000
DictIndex 512               1191.5    2973.4      2.50     19.46     10.49      3.85    0.0000
StringIndex                  960.9    2235.5      2.33     13.18     14.81      7.45    0.0000
PerfectHashIndex             292.0     364.0      1.25      3.14      5.56      4.41   -0.0000

400,000 probes a pass, 100 passes, counters a lookup
structure                   cycles     instr       IPC   br miss   L1 miss  LLC miss    pg flt
ClosedHashIndex               86.6     107.7      1.24      0.93      2.50      1.30   -0.0000
CompactHashIndex fp=1        155.3     211.9      1.36      0.93      3.69      2.36   -0.0000
DictIndex 256               1232.8    2707.6      2.20     17.78     12.24      4.51   -0.0000
DictIndex 512               1310.4    2971.7      2.27     19.46     11.04      4.21   -0.0000
StringIndex                 1132.5    2238.4      1.98     13.27     14.93      7.95   -0.0000
PerfectHashIndex             460.2     364.4      0.79      3.17      5.58      4.64    0.0000

== dTLB-load-misses a lookup, same method ==
 100000 probes: closed 0.001  compact1 0.004  perfect 0.195  dict256 0.004  string 0.009  dict512 0.003
 200000 probes: closed 0.028  compact1 0.035  perfect 0.646  dict256 0.063  string 0.239  dict512 0.107
 400000 probes: closed 0.393  compact1 0.431  perfect 1.010  dict256 0.523  string 0.683  dict512 0.531
